4294967278,355
4294967279,155
4294967279,114
4294967279,113
4294967279,112
4294967279,105
4294967294,1422
4294967294,1421
4294967279,154
4294967279,153
105,4
4294967278,153
105,3
105,2
105,1
4294967279,562
4294967278,369
4294967278,150
4294967279,149
4294967279,100
4294967279,90
4294967279,561
4294967278,148
4294967279,147
4294967279,560
4294967279,145
4294967279,319
4294967278,144
4294967279,143
4294967279,89
4294967279,87
4294967279,86
4294967279,77
4294967279,76
4294967294,915
4294967294,901
4294967294,898
4294967294,173
4294967294,163
4294967294,1416
4294967278,143
4294967279,140
4294967294,396
4294967294,409
4294967294,948
4294967294,415
4294967294,398
4294967294,403
4294967294,449
4294967294,416
4294967294,111
4294967294,454
4294967294,112
4294967294,465
4294967294,404
4294967294,1420
4294967278,328
4294967279,559
4294967278,141
104,5
4294967279,328
4294967294,920
4294967294,946
4294967279,138
4294967278,367
4294967279,284
4294967279,279
104,4
104,3
104,2
104,1
4294967279,327
4294967294,1414
4294967294,83
4294967279,57
4294967278,272
4294967279,558
4294967278,366
4294967279,276
4294967278,281
4294967279,326
4294967278,363
4294967279,281
4294967279,53
4294967279,52
4294967279,51
4294967279,547
4294967278,257
4294967279,311
4294967278,365
4294967278,316
4294967279,50
4294967279,48
4294967278,364
4294967279,304
4294967278,253
4294967279,556
4294967279,245
4294967279,243
4294967278,31
4294967279,42
4294967279,41
4294967279,40
4294967279,236
4294967279,235
4294967278,234
4294967279,233
4294967278,232
4294967279,39
4294967279,37
4294967279,35
4294967278,226
4294967279,226
4294967278,224
4294967278,222
4294967278,34
4294967278,29
4294967278,28
4294967278,21
4294967279,30
4294967279,29
4294967279,27
4294967278,220
4294967278,219
4294967279,218
4294967279,213
4294967278,212
4294967279,212
4294967278,211
4294967279,211
103,4
103,3
103,2
103,1
4294967278,325
4294967278,26
4294967278,16
4294967278,12
4294967278,6
4294967278,5
4294967279,125
4294967279,15
4294967279,13
4294967279,207
4294967278,206
4294967279,220
4294967279,206
4294967278,205
4294967279,205
4294967279,204
4294967279,203
4294967279,202
4294967279,201
4294967279,200
4294967278,199
4294967279,197
4294967279,196
4294967279,195
4294967279,194
4294967278,193
4294967278,192
4294967279,192
4294967278,191
4294967279,191
4294967279,190
4294967278,189
4294967279,189
4294967278,358
4294967279,186
4294967279,184
4294967279,128
4294967279,122
4294967279,120
4294967278,181
4294967279,181
4294967278,180
4294967279,180
4294967278,179
4294967278,336
4294967279,179
4294967279,545
4294967279,543
4294967279,110
4294967279,109
4294967279,108
4294967279,106
4294967279,99
4294967279,542
4294967279,171
4294967279,170
4294967278,169
4294967279,169
4294967278,168
4294967279,168
4294967278,167
4294967279,167
4294967279,166
4294967278,165
4294967279,165
4294967278,164
4294967279,164
4294967278,163
4294967278,161
4294967279,104
4294967278,160
4294967278,158
4294967278,157
4294967278,156
4294967278,155
4294967278,154
4294967279,544
4294967278,152
4294967279,102
4294967279,98
4294967279,97
4294967279,96
4294967279,94
4294967279,85
4294967279,84
4294967279,82
4294967279,74
4294967279,73
4294967279,71
4294967279,65
4294967279,64
4294967279,63
4294967279,62
4294967279,55
4294967278,151
4294967294,97
4294967294,30
4294967294,942
4294967294,941
4294967294,939
4294967294,938
4294967294,933
4294967294,922
4294967294,436
4294967294,158
4294967294,157
4294967294,156
4294967294,155
4294967294,60
4294967278,149
4294967294,12
4294967294,967
4294967294,966
4294967294,962
4294967294,961
4294967294,960
4294967294,918
4294967294,916
4294967294,910
4294967294,909
4294967294,905
4294967294,902
4294967294,421
4294967294,401
4294967294,190
4294967294,176
4294967294,170
4294967294,162
4294967294,161
4294967278,147
4294967278,146
4294967278,145
4294967278,271
4294967278,142
4294967278,132
4294967278,127
4294967278,125
4294967278,124
4294967278,122
4294967278,121
4294967278,115
4294967278,113
4294967278,112
4294967278,88
4294967278,104
4294967278,102
4294967278,100
4294967278,99
4294967278,98
4294967278,97
4294967278,91
4294967278,90
4294967278,89
4294967278,87
4294967278,86
4294967278,85
4294967278,84
4294967278,81
4294967278,79
4294967278,78
4294967278,75
4294967278,74
4294967278,73
4294967278,70
4294967278,68
4294967278,67
4294967278,66
4294967278,65
4294967278,64
4294967278,354
4294967278,59
4294967278,57
4294967278,56
4294967278,54
4294967278,52
4294967278,51
4294967278,49
4294967278,45
4294967278,43
4294967278,42
4294967278,40
4294967278,39
4294967278,260
4294967278,37
4294967278,30
4294967278,18
4294967278,14
4294967279,528
4294967279,127
4294967279,123
4294967279,115
4294967279,60
4294967279,541
4294967279,21
4294967279,20
4294967278,140
4294967279,18
4294967279,540
4294967278,136
4294967279,325
4294967279,285
4294967278,23
4294967278,135
4294967279,134
4294967278,134
4294967278,133
4294967279,271
4294967278,276
102,6
4294967279,270
102,5
102,4
102,3
102,2
102,1
4294967279,266
4294967279,17
4294967279,539
4294967279,324
4294967279,16
4294967279,278
4294967278,15
4294967278,283
4294967278,269
4294967278,267
4294967279,262
4294967279,261
4294967279,257
4294967278,352
4294967278,4
4294967278,259
4294967279,132
4294967278,131
4294967279,323
4294967278,130
4294967278,320
4294967278,351
4294967278,319
4294967279,310
4294967294,393
4294967279,309
4294967279,535
99,7
4294967278,254
99,6
99,5
4294967278,314
99,4
99,3
99,2
99,1
4294967278,111
4294967278,384
4294967278,120
4294967278,317
4294967279,246
4294967278,244
4294967278,242
4294967278,240
4294967279,237
4294967278,233
4294967278,110
4294967278,231
4294967278,109
4294967278,229
4294967278,310
4294967279,322
4294967279,321
4294967278,94
